17
TB0052|Achnanthes_elongata        0.0000000 0.0000010 0.0000010 0.0022450 0.7781335 1.0429887 2.2751685 5.8131995 1.8541667 0.4048086 0.0020354 0.0020960 0.4330017 1.2363795 0.7938661 1.5100243 2.0057605 
TB0053|Achnanthes_elongata        0.0000010 0.0000000 0.0000010 0.0022450 1.0129066 1.4094141 2.5771591 5.8131995 2.2411277 0.4487005 0.0021974 0.0021851 0.4613294 1.2716213 0.7662652 1.5100243 2.0057605 
TB0054|Achnanthes_elongata        0.0000010 0.0000010 0.0000000 0.0022450 0.7781335 1.0798856 2.2595376 5.8131995 1.8541667 0.4112417 0.0020407 0.0020922 0.4330017 1.2256173 0.7938661 1.5100243 2.0057605 
TB0060|Achnanthes_elongata        0.0022450 0.0022450 0.0022450 0.0000000 1.1579711 1.5848962 2.8205370 6.1265512 2.4471514 0.4835694 0.0000010 0.0000010 0.4988479 1.4695354 0.8485984 1.4565930 2.0826816 
TB0070|Amphora_sp._1              0.7781335 1.0129066 0.7781335 1.1579711 0.0000000 0.3063623 0.5843182 1.3662112 0.4360874 1.3482637 0.8156844 0.9078399 1.4743869 0.3330755 0.4951021 0.4184290 1.2738827 
TB0077|Poulinea_lepidochelicola   1.0429887 1.4094141 1.0798856 1.5848962 0.3063623 0.0000000 0.5199939 1.4496409 0.4409289 0.9683196 1.1226311 1.2931946 1.1761861 0.4652672 0.5185942 0.3470502 1.5823596 
TB0123|Diploneis_sp._1            2.2751685 2.5771591 2.2595376 2.8205370 0.5843182 0.5199939 0.0000000 0.0000010 0.6630490 1.9566294 2.3578672 2.4768725 2.0698473 1.0193412 0.7144177 0.6673656 2.0947842 
TB0129|Diploneis_sp._2            5.8131995 5.8131995 5.8131995 6.1265512 1.3662112 1.4496409 0.0000010 0.0000000 1.4476547 6.2045077 6.1265512 6.1265512 6.2045077 1.8652448 1.4057536 1.0783604 4.1611722 
TB0147|Fallacia_sp.               1.8541667 2.2411277 1.8541667 2.4471514 0.4360874 0.4409289 0.6630490 1.4476547 0.0000000 1.7287583 1.9029282 2.1414516 1.8366630 0.5530297 0.6125974 0.4982504 0.8326278 
TB0150|Achnanthes_sp.             0.4048086 0.4487005 0.4112417 0.4835694 1.3482637 0.9683196 1.9566294 6.2045077 1.7287583 0.0000000 0.4191530 0.4456681 0.0000010 1.4964331 1.0170226 1.6950227 2.1531500 
TB0168|Achnanthes_elongata        0.0020354 0.0021974 0.0020407 0.0000010 0.8156844 1.1226311 2.3578672 6.1265512 1.9029282 0.4191530 0.0000000 0.0000010 0.4419880 1.2973641 0.8333914 1.4867076 2.0785374 
TB0170|Achnanthes_elongata        0.0020960 0.0021851 0.0020922 0.0000010 0.9078399 1.2931946 2.4768725 6.1265512 2.1414516 0.4456681 0.0000010 0.0000000 0.4574075 1.2637910 0.8193122 1.4565930 2.0785374 
TB0177|Achnanthes_sp.             0.4330017 0.4613294 0.4330017 0.4988479 1.4743869 1.1761861 2.0698473 6.2045077 1.8366630 0.0000010 0.4419880 0.4574075 0.0000000 1.5684355 1.0980860 1.7909509 2.1531500 
TB0179|Entomoneis_sp.             1.2363795 1.2716213 1.2256173 1.4695354 0.3330755 0.4652672 1.0193412 1.8652448 0.5530297 1.4964331 1.2973641 1.2637910 1.5684355 0.0000000 0.4867113 0.4238550 1.3522689 
TB0181|Psammodictyon_panduriforme 0.7938661 0.7662652 0.7938661 0.8485984 0.4951021 0.5185942 0.7144177 1.4057536 0.6125974 1.0170226 0.8333914 0.8193122 1.0980860 0.4867113 0.0000000 0.4767908 0.0361296 
TB0182|Amphora_sp._2              1.5100243 1.5100243 1.5100243 1.4565930 0.4184290 0.3470502 0.6673656 1.0783604 0.4982504 1.6950227 1.4867076 1.4565930 1.7909509 0.4238550 0.4767908 0.0000000 1.3110907 
TB0183|Psammodictyon_sp.          2.0057605 2.0057605 2.0057605 2.0826816 1.2738827 1.5823596 2.0947842 4.1611722 0.8326278 2.1531500 2.0785374 2.0785374 2.1531500 1.3522689 0.0361296 1.3110907 0.0000000 
