40
SEQUENCE||R-82901 0.0000000 0.0622507 0.0722047 0.0725944 0.0950651 0.1569862 0.1379901 0.2646118 0.1779305 0.1557751 0.1853781 0.1892244 0.2682583 0.5052143 0.5468102 0.5676728 0.9930657 0.9576143 8.7025444 8.9999981 8.9999986 8.0768910 8.2968607 6.6810202 3.1549248 5.0065610 4.0273399 5.8383030 7.1905601 2.9733290 3.3804877 3.5941339 3.3888926 3.6635452 5.6817951 8.9999982 8.9999989 8.9999989 8.9999990 8.9999982 
SEQUENCE||R-82852 0.0622507 0.0000000 0.0579113 0.0582138 0.0877424 0.0970926 0.1173819 0.2328668 0.1491500 0.1130261 0.1710123 0.1862708 0.2314769 0.4392855 0.6470476 0.6230826 1.1069896 1.0736741 8.4052301 8.9999982 8.2593920 8.4625463 8.6825668 7.1695847 3.3276524 5.8945885 4.6379667 7.6269825 8.9999988 3.7205645 3.7353171 4.0215252 3.7444472 4.0941958 6.5120020 8.9999990 8.9999987 8.9999984 8.9999986 8.9999982 
SEQUENCE||R-82912 0.0722047 0.0579113 0.0000000 0.0000010 0.1111035 0.1018463 0.1441031 0.2101547 0.1298949 0.1179728 0.1568383 0.2044657 0.2254943 0.4141869 0.5473064 0.5682282 0.9663837 0.9451947 6.1295177 8.5443696 6.8032835 6.0624405 6.2336249 5.3606802 2.7966423 4.1112952 3.5288101 5.0732244 5.7384660 3.0565169 2.7228142 2.8695823 2.7291737 2.9186364 4.0601446 8.9999986 8.9999986 8.9999980 8.9999990 8.9999988 
SEQUENCE||R-82922 0.0725944 0.0582138 0.0000010 0.0000000 0.1117541 0.1024211 0.1441031 0.2116655 0.1306598 0.1186564 0.1578354 0.2058502 0.2270657 0.4178326 0.5529270 0.5741793 0.9796982 0.9581927 6.4113131 8.9283193 7.1193521 6.3420206 6.5260094 5.5893275 2.8649295 4.2538009 3.6346598 5.2917623 6.0069444 3.1364784 2.7884228 2.8909647 2.7950130 2.9927306 4.0601446 8.9999989 8.9999986 8.9999980 8.9999980 8.9999988 
SEQUENCE||R-82902 0.0950651 0.0877424 0.1111035 0.1117541 0.0000000 0.0935148 0.0945562 0.2294263 0.1732350 0.1505515 0.1754769 0.1815904 0.2504248 0.4749142 0.5258138 0.5065264 1.1386606 1.1181185 8.9999984 8.9999986 8.9999985 8.9999981 8.9999982 8.9999984 3.1613648 6.3824934 5.0583475 6.4880612 8.9999982 3.9872574 4.2444732 4.6054324 4.2548629 4.6546678 7.8825151 8.9999987 8.9999989 8.9999982 8.9999985 8.9999980 
SEQUENCE||R-82882 0.1569862 0.0970926 0.1018463 0.1024211 0.0935148 0.0000000 0.0713112 0.1699140 0.1036655 0.1120567 0.1312420 0.1910848 0.1854419 0.3951665 0.5217873 0.5026757 1.1810452 1.1697418 8.8629111 8.9999983 8.9999982 8.1841501 8.4015832 7.8291194 2.6220809 5.1814919 4.3872569 5.3226853 6.0730606 3.7068857 3.0330634 3.2047345 3.0404240 3.2629077 4.7683890 8.9999989 8.9999986 8.9999988 8.9999988 8.9999987 
SEQUENCE||R-82923 0.1379901 0.1173819 0.1441031 0.1441031 0.0945562 0.0713112 0.0000000 0.2565368 0.1685881 0.1777132 0.1912106 0.1938386 0.2059801 0.3947453 0.5806640 0.5574393 1.5444799 1.5253749 8.9999990 8.9999986 8.9999981 8.9999987 8.9999988 8.9999982 3.2796207 7.6298123 6.3041668 8.9999982 8.9999988 4.7337173 4.7262738 4.9824930 4.7381882 5.2665192 4.8626105 8.9999990 8.9999986 8.9999988 8.9999980 8.9999987 
SEQUENCE||R-82951 0.2646118 0.2328668 0.2101547 0.2116655 0.2294263 0.1699140 0.2565368 0.0000000 0.1709268 0.1822335 0.1870023 0.2971824 0.2434492 0.4972202 0.8353561 0.8027073 1.2151719 1.2266574 8.9999982 8.9999984 8.9999984 8.9999980 8.9999980 8.9999990 2.8709119 5.1538304 4.7899615 5.2486642 8.9999989 3.4367551 3.1296436 3.3832885 3.2007041 3.4473579 5.0247282 8.9999985 8.9999989 8.9999984 8.9999986 8.9999984 
SEQUENCE||R-82851 0.1779305 0.1491500 0.1298949 0.1306598 0.1732350 0.1036655 0.1685881 0.1709268 0.0000000 0.0615749 0.1193247 0.2751119 0.2177336 0.3692918 0.5741308 0.5528070 1.1012600 1.1525129 7.7494492 8.9999987 8.9999984 7.9923461 8.2047117 6.7956016 2.6137688 5.0716990 4.3019671 5.1873691 6.0956199 3.6222445 3.4884429 3.7468854 3.4971040 3.7849189 5.9699998 8.9999985 8.9999986 8.9999989 8.9999988 8.9999988 
SEQUENCE||R-82884 0.1557751 0.1130261 0.1179728 0.1186564 0.1505515 0.1120567 0.1777132 0.1822335 0.0615749 0.0000000 0.0451816 0.2166957 0.2288831 0.4058821 0.6632849 0.6384543 1.2263118 1.2570656 8.9999989 8.9999989 8.9999989 8.9999981 8.9999988 8.9999982 2.5794287 6.8141651 5.0945099 7.0127654 8.6596394 3.4415287 3.6440417 3.9250761 3.6531481 3.9656708 6.4759988 8.9999990 8.9999985 8.9999989 8.9999981 8.9999989 
SEQUENCE||R-82832 0.1853781 0.1710123 0.1568383 0.1578354 0.1754769 0.1312420 0.1912106 0.1870023 0.1193247 0.0451816 0.0000000 0.1994786 0.2515849 0.4242386 0.5717887 0.5505457 1.2228653 1.2910207 8.9999982 8.9999981 8.9999982 8.9999981 8.9999982 8.8334445 2.7957659 8.1384484 6.3640674 7.6806877 8.9999988 4.3114067 3.5785353 3.8460474 3.5875421 3.8859888 6.3432873 8.9999987 8.9999989 8.9999989 8.9999989 8.9999987 
SEQUENCE||R-82853 0.1892244 0.1862708 0.2044657 0.2058502 0.1815904 0.1910848 0.1938386 0.2971824 0.2751119 0.2166957 0.1994786 0.0000000 0.1721926 0.4530539 0.6496267 0.6254415 1.0951621 1.0538669 8.9999989 8.9999987 8.9999984 8.9999985 8.9999986 8.9999983 2.8175505 7.2712918 5.9733006 7.1949029 7.9733653 4.1269245 4.2959297 4.7587632 4.3060916 4.7000118 8.0644010 8.9999987 8.9999987 8.9999980 8.9999987 8.9999989 
SEQUENCE||R-82915 0.2682583 0.2314769 0.2254943 0.2270657 0.2504248 0.1854419 0.2059801 0.2434492 0.2177336 0.2288831 0.2515849 0.1721926 0.0000000 0.3223574 0.4463720 0.4633106 0.8722260 0.7778189 8.2984232 8.9999989 7.5566239 6.9007248 7.0996343 7.4735636 2.3807368 4.0825890 3.4556115 4.8868994 4.5952158 2.8379726 2.6970310 2.8396595 2.7034056 2.8888889 4.0544697 8.9999981 8.9999985 8.9999987 8.9999988 8.9999987 
SEQUENCE||R-82900 0.5052143 0.4392855 0.4141869 0.4178326 0.4749142 0.3951665 0.3947453 0.4972202 0.3692918 0.4058821 0.4242386 0.4530539 0.3223574 0.0000000 0.3074964 0.2963976 0.7490631 0.7272245 3.6626415 4.6889312 4.3025424 3.8901355 3.9621894 3.4633734 1.3328125 2.2248807 2.0266838 2.6621923 2.8619565 1.5018166 1.6241029 1.6500251 1.6269946 1.7200488 2.0972744 8.9999987 8.9999988 8.9999989 8.9999989 8.9999988 
SEQUENCE||R-82945 0.5468102 0.6470476 0.5473064 0.5529270 0.5258138 0.5217873 0.5806640 0.8353561 0.5741308 0.6632849 0.5717887 0.6496267 0.4463720 0.3074964 0.0000000 0.0029329 0.7105388 0.6442440 3.3487151 4.3675545 4.2811223 3.6483974 3.7117703 2.9439883 1.8206503 2.4650385 2.2989160 1.8197295 2.3460539 1.9960449 2.2442706 2.3105805 2.2490154 2.3828028 3.0336877 8.9999984 8.9999983 8.9999984 8.9999989 8.9999987 
SEQUENCE||R-82904 0.5676728 0.6230826 0.5682282 0.5741793 0.5065264 0.5026757 0.5574393 0.8027073 0.5528070 0.6384543 0.5505457 0.6254415 0.4633106 0.2963976 0.0029329 0.0000000 0.7382600 0.6691884 3.5518089 4.6956907 4.5829798 3.8802371 3.9511504 3.1115233 1.7456061 2.5901722 2.4113694 1.8985957 2.4619952 2.0866983 2.3524087 2.4239541 2.3574943 2.5014728 3.2202934 8.9999986 8.9999985 8.9999980 8.9999987 8.9999989 
SEQUENCE||R-82952 0.9930657 1.1069896 0.9663837 0.9796982 1.1386606 1.1810452 1.5444799 1.2151719 1.1012600 1.2263118 1.2228653 1.0951621 0.8722260 0.7490631 0.7105388 0.7382600 0.0000000 0.0427327 3.6073105 3.9012827 3.4755266 3.3480954 3.4017176 2.9451979 1.9592231 2.7384965 3.0814074 2.2286834 3.2704676 1.8432757 1.6818953 1.7498763 1.7051116 1.7971586 2.2233350 8.9999988 8.9999988 8.9999985 8.9999985 8.9999985 
SEQUENCE||R-82835 0.9576143 1.0736741 0.9451947 0.9581927 1.1181185 1.1697418 1.5253749 1.2266574 1.1525129 1.2570656 1.2910207 1.0538669 0.7778189 0.7272245 0.6442440 0.6691884 0.0427327 0.0000000 3.2158330 3.4566034 2.9327033 2.8346422 2.8751488 2.8332220 1.8438283 2.5987868 2.9146268 2.3341671 3.3806983 1.7154483 1.6169391 1.7004955 1.6571352 1.7068057 2.0594876 8.9999989 8.9999982 8.9999986 8.9999986 8.9999986 
SEQUENCE||R-82898 8.7025444 8.4052301 6.1295177 6.4113131 8.9999984 8.8629111 8.9999990 8.9999982 7.7494492 8.9999989 8.9999982 8.9999989 8.2984232 3.6626415 3.3487151 3.5518089 3.6073105 3.2158330 0.0000000 0.0088211 0.0402534 0.0438428 0.0399130 0.0564698 1.1025420 1.0707873 0.9702303 0.8997608 1.4875473 1.1742666 1.0808113 1.0489767 0.9906409 1.0051386 1.2573538 8.9999987 8.9999989 8.9999990 8.9999989 8.9999988 
SEQUENCE||R-82937 8.9999981 8.9999982 8.5443696 8.9283193 8.9999986 8.9999983 8.9999986 8.9999984 8.9999987 8.9999989 8.9999981 8.9999987 8.9999989 4.6889312 4.3675545 4.6956907 3.9012827 3.4566034 0.0088211 0.0000000 0.0421770 0.0461996 0.0427973 0.0612225 1.2145336 1.2358755 1.2225001 1.0517361 1.8365392 1.4965488 1.2788051 1.2281216 1.2132709 1.2563313 1.5125031 8.9999989 8.9999985 8.9999988 8.9999985 8.9999983 
SEQUENCE||R-82896 8.9999986 8.2593920 6.8032835 7.1193521 8.9999985 8.9999982 8.9999981 8.9999984 8.9999984 8.9999989 8.9999982 8.9999984 7.5566239 4.3025424 4.2811223 4.5829798 3.4755266 2.9327033 0.0402534 0.0421770 0.0000000 0.0397214 0.0365440 0.0671445 1.0590909 1.1825941 1.1082378 0.9909766 1.4929744 1.1541436 1.0219071 0.9937719 0.9718249 1.0027789 1.1834220 8.9999989 8.9999989 8.9999981 8.9999989 8.9999989 
SEQUENCE||R-82840 8.0768910 8.4625463 6.0624405 6.3420206 8.9999981 8.1841501 8.9999987 8.9999980 7.9923461 8.9999981 8.9999981 8.9999985 6.9007248 3.8901355 3.6483974 3.8802371 3.3480954 2.8346422 0.0438428 0.0461996 0.0397214 0.0000000 0.0026678 0.0716317 1.0724617 1.1963757 1.1631589 0.9333801 1.4896618 1.1178921 1.0427539 1.0245246 1.0059673 1.0382887 1.2095230 8.9999988 8.9999989 8.9999984 8.9999990 8.9999988 
SEQUENCE||R-82862 8.2968607 8.6825668 6.2336249 6.5260094 8.9999982 8.4015832 8.9999988 8.9999980 8.2047117 8.9999988 8.9999982 8.9999986 7.0996343 3.9621894 3.7117703 3.9511504 3.4017176 2.8751488 0.0399130 0.0427973 0.0365440 0.0026678 0.0000000 0.0717933 1.0797772 1.2099729 1.1148638 0.9438482 1.5068231 1.0676981 1.0545476 1.0361871 0.9789323 0.9932728 1.2241152 8.9999988 8.9999990 8.9999983 8.9999989 8.9999988 
SEQUENCE||R-82906 6.6810202 7.1695847 5.3606802 5.5893275 8.9999984 7.8291194 8.9999982 8.9999990 6.7956016 8.9999982 8.8334445 8.9999983 7.4735636 3.4633734 2.9439883 3.1115233 2.9451979 2.8332220 0.0564698 0.0612225 0.0671445 0.0716317 0.0717933 0.0000000 0.9349871 1.0917746 1.0135243 0.8601052 1.5595323 1.1342457 0.9212726 0.8943497 0.8479918 0.8724851 1.0585741 8.9999987 8.9999988 8.9999982 8.9999988 8.9999987 
SEQUENCE||R-82905 3.1549248 3.3276524 2.7966423 2.8649295 3.1613648 2.6220809 3.2796207 2.8709119 2.6137688 2.5794287 2.7957659 2.8175505 2.3807368 1.3328125 1.8206503 1.7456061 1.9592231 1.8438283 1.1025420 1.2145336 1.0590909 1.0724617 1.0797772 0.9349871 0.0000000 0.4911016 0.5066817 0.4396518 0.7191822 0.4453147 0.3558760 0.3492759 0.3476017 0.3572520 0.3856061 8.9999989 8.9999981 8.9999987 8.9999987 8.9999986 
SEQUENCE||R-82834 5.0065610 5.8945885 4.1112952 4.2538009 6.3824934 5.1814919 7.6298123 5.1538304 5.0716990 6.8141651 8.1384484 7.2712918 4.0825890 2.2248807 2.4650385 2.5901722 2.7384965 2.5987868 1.0707873 1.2358755 1.1825941 1.1963757 1.2099729 1.0917746 0.4911016 0.0000000 0.0539978 0.1434858 0.5870928 0.4766318 0.4310945 0.4474287 0.4397485 0.4438773 0.4901142 8.9999988 8.9999990 8.9999988 8.9999986 8.9999989 
SEQUENCE||R-82849 4.0273399 4.6379667 3.5288101 3.6346598 5.0583475 4.3872569 6.3041668 4.7899615 4.3019671 5.0945099 6.3640674 5.9733006 3.4556115 2.0266838 2.2989160 2.4113694 3.0814074 2.9146268 0.9702303 1.2225001 1.1082378 1.1631589 1.1148638 1.0135243 0.5066817 0.0539978 0.0000000 0.1774013 0.6237994 0.4530824 0.4368943 0.4556958 0.4345759 0.4349822 0.4995124 8.9999989 8.9999985 8.9999986 8.9999987 8.9999984 
SEQUENCE||R-82911 5.8383030 7.6269825 5.0732244 5.2917623 6.4880612 5.3226853 8.9999982 5.2486642 5.1873691 7.0127654 7.6806877 7.1949029 4.8868994 2.6621923 1.8197295 1.8985957 2.2286834 2.3341671 0.8997608 1.0517361 0.9909766 0.9333801 0.9438482 0.8601052 0.4396518 0.1434858 0.1774013 0.0000000 0.5307311 0.4338717 0.4134436 0.4183708 0.4140223 0.4256313 0.4630581 8.9999987 8.9999989 8.9999988 8.9999987 8.9999989 
SEQUENCE||R-82891 7.1905601 8.9999988 5.7384660 6.0069444 8.9999982 6.0730606 8.9999988 8.9999989 6.0956199 8.6596394 8.9999988 7.9733653 4.5952158 2.8619565 2.3460539 2.4619952 3.2704676 3.3806983 1.4875473 1.8365392 1.4929744 1.4896618 1.5068231 1.5595323 0.7191822 0.5870928 0.6237994 0.5307311 0.0000000 0.6699004 0.7585762 0.8068890 0.7937837 0.8186815 0.9098117 8.9999988 8.9999985 8.9999990 8.9999985 8.9999989 
SEQUENCE||R-82860 2.9733290 3.7205645 3.0565169 3.1364784 3.9872574 3.7068857 4.7337173 3.4367551 3.6222445 3.4415287 4.3114067 4.1269245 2.8379726 1.5018166 1.9960449 2.0866983 1.8432757 1.7154483 1.1742666 1.4965488 1.1541436 1.1178921 1.0676981 1.1342457 0.4453147 0.4766318 0.4530824 0.4338717 0.6699004 0.0000000 0.1317575 0.1434441 0.1379198 0.1417897 0.1446349 8.9999982 8.9999985 8.9999987 8.9999989 8.9999985 
SEQUENCE||R-82833 3.3804877 3.7353171 2.7228142 2.7884228 4.2444732 3.0330634 4.7262738 3.1296436 3.4884429 3.6440417 3.5785353 4.2959297 2.6970310 1.6241029 2.2442706 2.3524087 1.6818953 1.6169391 1.0808113 1.2788051 1.0219071 1.0427539 1.0545476 0.9212726 0.3558760 0.4310945 0.4368943 0.4134436 0.7585762 0.1317575 0.0000000 0.0094911 0.0080675 0.0081074 0.0014110 8.9999981 8.9999986 8.9999986 8.9999987 8.9999982 
SEQUENCE||R-82850 3.5941339 4.0215252 2.8695823 2.8909647 4.6054324 3.2047345 4.9824930 3.3832885 3.7468854 3.9250761 3.8460474 4.7587632 2.8396595 1.6500251 2.3105805 2.4239541 1.7498763 1.7004955 1.0489767 1.2281216 0.9937719 1.0245246 1.0361871 0.8943497 0.3492759 0.4474287 0.4556958 0.4183708 0.8068890 0.1434441 0.0094911 0.0000000 0.0013365 0.0040391 0.0085389 8.9999983 8.9999982 8.9999988 8.9999989 8.9999983 
SEQUENCE||R-82863 3.3888926 3.7444472 2.7291737 2.7950130 4.2548629 3.0404240 4.7381882 3.2007041 3.4971040 3.6531481 3.5875421 4.3060916 2.7034056 1.6269946 2.2490154 2.3574943 1.7051116 1.6571352 0.9906409 1.2132709 0.9718249 1.0059673 0.9789323 0.8479918 0.3476017 0.4397485 0.4345759 0.4140223 0.7937837 0.1379198 0.0080675 0.0013365 0.0000000 0.0026390 0.0071130 8.9999981 8.9999981 8.9999987 8.9999987 8.9999982 
SEQUENCE||R-82885 3.6635452 4.0941958 2.9186364 2.9927306 4.6546678 3.2629077 5.2665192 3.4473579 3.7849189 3.9656708 3.8859888 4.7000118 2.8888889 1.7200488 2.3828028 2.5014728 1.7971586 1.7068057 1.0051386 1.2563313 1.0027789 1.0382887 0.9932728 0.8724851 0.3572520 0.4438773 0.4349822 0.4256313 0.8186815 0.1417897 0.0081074 0.0040391 0.0026390 0.0000000 0.0071397 8.9999982 8.9999982 8.9999987 8.9999989 8.9999982 
SEQUENCE||R-82893 5.6817951 6.5120020 4.0601446 4.0601446 7.8825151 4.7683890 4.8626105 5.0247282 5.9699998 6.4759988 6.3432873 8.0644010 4.0544697 2.0972744 3.0336877 3.2202934 2.2233350 2.0594876 1.2573538 1.5125031 1.1834220 1.2095230 1.2241152 1.0585741 0.3856061 0.4901142 0.4995124 0.4630581 0.9098117 0.1446349 0.0014110 0.0085389 0.0071130 0.0071397 0.0000000 8.9999988 8.9999990 8.9999985 8.9999985 8.9999988 
SEQUENCE||R-82930 8.9999982 8.9999990 8.9999986 8.9999989 8.9999987 8.9999989 8.9999990 8.9999985 8.9999985 8.9999990 8.9999987 8.9999987 8.9999981 8.9999987 8.9999984 8.9999986 8.9999988 8.9999989 8.9999987 8.9999989 8.9999989 8.9999988 8.9999988 8.9999987 8.9999989 8.9999988 8.9999989 8.9999987 8.9999988 8.9999982 8.9999981 8.9999983 8.9999981 8.9999982 8.9999988 0.0000000 0.5626585 0.4738668 0.5722984 0.3680822 
SEQUENCE||R-82938 8.9999989 8.9999987 8.9999986 8.9999986 8.9999989 8.9999986 8.9999986 8.9999989 8.9999986 8.9999985 8.9999989 8.9999987 8.9999985 8.9999988 8.9999983 8.9999985 8.9999988 8.9999982 8.9999989 8.9999985 8.9999989 8.9999989 8.9999990 8.9999988 8.9999981 8.9999990 8.9999985 8.9999989 8.9999985 8.9999985 8.9999986 8.9999982 8.9999981 8.9999982 8.9999990 0.5626585 0.0000000 0.3801475 0.5007051 0.3325840 
SEQUENCE||R-82880 8.9999989 8.9999984 8.9999980 8.9999980 8.9999982 8.9999988 8.9999988 8.9999984 8.9999989 8.9999989 8.9999989 8.9999980 8.9999987 8.9999989 8.9999984 8.9999980 8.9999985 8.9999986 8.9999990 8.9999988 8.9999981 8.9999984 8.9999983 8.9999982 8.9999987 8.9999988 8.9999986 8.9999988 8.9999990 8.9999987 8.9999986 8.9999988 8.9999987 8.9999987 8.9999985 0.4738668 0.3801475 0.0000000 0.2820310 0.1675339 
SEQUENCE||R-82892 8.9999990 8.9999986 8.9999990 8.9999980 8.9999985 8.9999988 8.9999980 8.9999986 8.9999988 8.9999981 8.9999989 8.9999987 8.9999988 8.9999989 8.9999989 8.9999987 8.9999985 8.9999986 8.9999989 8.9999985 8.9999989 8.9999990 8.9999989 8.9999988 8.9999987 8.9999986 8.9999987 8.9999987 8.9999985 8.9999989 8.9999987 8.9999989 8.9999987 8.9999989 8.9999985 0.5722984 0.5007051 0.2820310 0.0000000 0.1559050 
SEQUENCE||R-82899 8.9999982 8.9999982 8.9999988 8.9999988 8.9999980 8.9999987 8.9999987 8.9999984 8.9999988 8.9999989 8.9999987 8.9999989 8.9999987 8.9999988 8.9999987 8.9999989 8.9999985 8.9999986 8.9999988 8.9999983 8.9999989 8.9999988 8.9999988 8.9999987 8.9999986 8.9999989 8.9999984 8.9999989 8.9999989 8.9999985 8.9999982 8.9999983 8.9999982 8.9999982 8.9999988 0.3680822 0.3325840 0.1675339 0.1559050 0.0000000 
